Elemental stiffness matrices and Elemental load vectors:
=======================================================

Element 1:
---------

Stiffness matrix:
    4.0500e+01	   -1.3000e+01	   -1.2500e+01

   -1.3000e+01	    2.8000e+01	    0.0000e+00

   -1.2500e+01	    0.0000e+00	    1.2500e+01

Load vector:
    3.7500e+02

    3.7500e+02

    0.0000e+00



Element 2:
---------

Stiffness matrix:
    1.2500e+01	   -1.2500e+01	    0.0000e+00

   -1.2500e+01	    4.0500e+01	   -1.3000e+01

    0.0000e+00	   -1.3000e+01	    2.8000e+01

Load vector:
    0.0000e+00

    3.7500e+02

    3.7500e+02



Element 3:
---------

Stiffness matrix:
    1.5000e+01	    0.0000e+00	   -1.5000e+01

    0.0000e+00	    1.5000e+01	   -1.5000e+01

   -1.5000e+01	   -1.5000e+01	    3.0000e+01

Load vector:
    1.5000e+04

    4.5000e+04

    4.5000e+04



Element 4:
---------

Stiffness matrix:
    2.1000e+01	   -1.2000e+01	    0.0000e+00

   -1.2000e+01	    3.6000e+01	   -1.5000e+01

    0.0000e+00	   -1.5000e+01	    1.5000e+01

Load vector:
    1.5225e+04

    4.5225e+04

    4.5000e+04



Global stiffness matrix:
=======================

    4.0500e+01	   -1.3000e+01	    0.0000e+00	    0.0000e+00	    0.0000e+00	    0.0000e+00	   -1.2500e+01	

   -1.3000e+01	    7.6500e+01	   -1.2000e+01	    0.0000e+00	   -1.5000e+01	   -1.2500e+01	    0.0000e+00	

    0.0000e+00	   -1.2000e+01	    3.6000e+01	   -1.5000e+01	    0.0000e+00	    0.0000e+00	    0.0000e+00	

    0.0000e+00	    0.0000e+00	   -1.5000e+01	    3.0000e+01	   -1.5000e+01	    0.0000e+00	    0.0000e+00	

    0.0000e+00	   -1.5000e+01	    0.0000e+00	   -1.5000e+01	    3.0000e+01	    0.0000e+00	    0.0000e+00	

    0.0000e+00	   -1.2500e+01	    0.0000e+00	    0.0000e+00	    0.0000e+00	    4.0500e+01	   -1.3000e+01	

   -1.2500e+01	    0.0000e+00	    0.0000e+00	    0.0000e+00	    0.0000e+00	   -1.3000e+01	    4.0500e+01	



Global load vector:
==================

    3.7500e+02

    3.0600e+04

    4.5225e+04

    9.0000e+04

    4.5000e+04

    3.7500e+02

    3.7500e+02



Final nodal temperatures:
========================

    2.0000e+02

    3.3522e+03

    6.8159e+03

    1.0661e+04

    8.5067e+03

    1.1081e+03

    2.0000e+02

