Elemental stiffness matrices and Elemental load vectors:
=======================================================

Element 1:
---------

Stiffness matrix:
    1.3095e+11	    7.1429e+10	    2.4420e+10	    1.2821e+10	    1.9231e+10	    1.0989e+10	   -9.7680e+10	   -5.1282e+10	   -3.4332e-05	   -1.7166e-05	   -7.6923e+10	   -4.3956e+10	

    7.1429e+10	    1.9048e+11	    1.0989e+10	    8.5470e+09	    1.2821e+10	    5.4945e+10	   -4.3956e+10	   -3.4188e+10	   -1.1444e-05	   -6.8665e-05	   -5.1282e+10	   -2.1978e+11	

    2.4420e+10	    1.0989e+10	    7.3260e+10	    3.1445e-06	   -3.3741e-07	   -1.0989e+10	   -9.7680e+10	   -4.3956e+10	   -3.8147e-06	    4.3956e+10	    7.6294e-06	    0.0000e+00	

    1.2821e+10	    8.5470e+09	    3.1445e-06	    2.5641e+10	   -1.2821e+10	   -7.0914e-07	   -5.1282e+10	   -3.4188e+10	    5.1282e+10	    9.5367e-06	   -9.5367e-07	    9.5367e-07	

    1.9231e+10	    1.2821e+10	   -3.3741e-07	   -1.2821e+10	    5.7692e+10	   -3.4034e-06	   -3.8147e-06	   -2.3345e-06	   -3.8147e-06	    5.1282e+10	   -7.6923e+10	   -5.1282e+10	

    1.0989e+10	    5.4945e+10	   -1.0989e+10	   -7.0914e-07	   -3.4034e-06	    1.6484e+11	   -1.7366e-06	   -1.5259e-05	    4.3956e+10	    1.5259e-05	   -4.3956e+10	   -2.1978e+11	

   -9.7680e+10	   -4.3956e+10	   -9.7680e+10	   -5.1282e+10	   -7.6294e-06	   -1.7366e-06	    3.4921e+11	    9.5238e+10	   -1.5385e+11	   -9.5238e+10	   -1.5259e-05	    9.5238e+10	

   -5.1282e+10	   -3.4188e+10	   -4.3956e+10	   -3.4188e+10	   -1.3808e-06	   -1.5259e-05	    9.5238e+10	    5.0794e+11	   -9.5238e+10	   -4.3956e+11	    9.5238e+10	   -6.1035e-05	

   -1.9073e-05	   -1.5259e-05	   -3.8147e-06	    5.1282e+10	   -3.8147e-06	    4.3956e+10	   -1.5385e+11	   -9.5238e+10	    3.4921e+11	    9.5238e+10	   -1.9536e+11	   -9.5238e+10	

   -1.5259e-05	   -5.3406e-05	    4.3956e+10	    1.1444e-05	    5.1282e+10	    1.5259e-05	   -9.5238e+10	   -4.3956e+11	    9.5238e+10	    5.0794e+11	   -9.5238e+10	   -6.8376e+10	

   -7.6923e+10	   -5.1282e+10	    7.6294e-06	    0.0000e+00	   -7.6923e+10	   -4.3956e+10	   -1.5259e-05	    9.5238e+10	   -1.9536e+11	   -9.5238e+10	    3.4921e+11	    9.5238e+10	

   -4.3956e+10	   -2.1978e+11	    0.0000e+00	   -9.5367e-07	   -5.1282e+10	   -2.1978e+11	    9.5238e+10	   -6.1035e-05	   -9.5238e+10	   -6.8376e+10	    9.5238e+10	    5.0794e+11	

Load vector:
    0.0000e+00

    0.0000e+00

    0.0000e+00

    0.0000e+00

    0.0000e+00

    0.0000e+00

    0.0000e+00

    0.0000e+00

    0.0000e+00

    0.0000e+00

    0.0000e+00

    0.0000e+00



Element 2:
---------

Stiffness matrix:
    5.7692e+10	    5.3322e-06	    1.9231e+10	    1.2821e+10	   -6.3602e-06	   -1.2821e+10	   -7.6923e+10	   -5.1282e+10	    1.9073e-06	    8.5831e-06	    3.8147e-05	    5.1282e+10	

    5.3322e-06	    1.6484e+11	    1.0989e+10	    5.4945e+10	   -1.0989e+10	   -9.4524e-06	   -4.3956e+10	   -2.1978e+11	    7.6294e-06	    7.6294e-06	    4.3956e+10	    1.0681e-04	

    1.9231e+10	    1.0989e+10	    1.3095e+11	    7.1429e+10	    2.4420e+10	    1.2821e+10	   -7.6923e+10	   -4.3956e+10	   -9.7680e+10	   -5.1282e+10	    7.6294e-06	    0.0000e+00	

    1.2821e+10	    5.4945e+10	    7.1429e+10	    1.9048e+11	    1.0989e+10	    8.5470e+09	   -5.1282e+10	   -2.1978e+11	   -4.3956e+10	   -3.4188e+10	    1.9073e-06	    2.2888e-05	

   -6.3602e-06	   -1.0989e+10	    2.4420e+10	    1.0989e+10	    7.3260e+10	   -3.5686e-06	   -7.6294e-06	    1.2796e-05	   -9.7680e+10	   -4.3956e+10	    4.5776e-05	    4.3956e+10	

   -1.2821e+10	   -9.4524e-06	    1.2821e+10	    8.5470e+09	   -3.5686e-06	    2.5641e+10	    1.2669e-05	    1.1444e-05	   -5.1282e+10	   -3.4188e+10	    5.1282e+10	    3.8147e-06	

   -7.6923e+10	   -4.3956e+10	   -7.6923e+10	   -5.1282e+10	   -1.5259e-05	    1.3623e-05	    3.4921e+11	    9.5238e+10	    6.1035e-05	    9.5238e+10	   -1.9536e+11	   -9.5238e+10	

   -5.1282e+10	   -2.1978e+11	   -4.3956e+10	   -2.1978e+11	    1.1843e-05	    1.3351e-05	    9.5238e+10	    5.0794e+11	    9.5238e+10	   -9.5367e-05	   -9.5238e+10	   -6.8376e+10	

    0.0000e+00	    7.6294e-06	   -9.7680e+10	   -4.3956e+10	   -9.7680e+10	   -5.1282e+10	    6.8665e-05	    9.5238e+10	    3.4921e+11	    9.5238e+10	   -1.5385e+11	   -9.5238e+10	

    6.6757e-06	    1.5259e-05	   -5.1282e+10	   -3.4188e+10	   -4.3956e+10	   -3.4188e+10	    9.5238e+10	   -9.5367e-05	    9.5238e+10	    5.0794e+11	   -9.5238e+10	   -4.3956e+11	

    4.0054e-05	    4.3956e+10	    7.6294e-06	    5.7220e-06	    4.5776e-05	    5.1282e+10	   -1.9536e+11	   -9.5238e+10	   -1.5385e+11	   -9.5238e+10	    3.4921e+11	    9.5238e+10	

    5.1282e+10	    9.9182e-05	    0.0000e+00	    1.5259e-05	    4.3956e+10	    5.7220e-06	   -9.5238e+10	   -6.8376e+10	   -9.5238e+10	   -4.3956e+11	    9.5238e+10	    5.0794e+11	

Load vector:
    2.5058e+02

    9.1205e+01

    1.2529e+02

    4.5603e+01

    0.0000e+00

    0.0000e+00

    7.5175e+02

    2.7362e+02

    0.0000e+00

    0.0000e+00

    0.0000e+00

    0.0000e+00



Global stiffness matrix:
=======================

    1.3095e+11	    7.1429e+10	    2.4420e+10	    1.2821e+10	    0.0000e+00	    0.0000e+00	    1.9231e+10	    1.0989e+10	   -9.7680e+10	   -5.1282e+10	    0.0000e+00	    0.0000e+00	    0.0000e+00	    0.0000e+00	   -7.6923e+10	   -4.3956e+10	   -3.4332e-05	   -1.7166e-05	

    7.1429e+10	    1.9048e+11	    1.0989e+10	    8.5470e+09	    0.0000e+00	    0.0000e+00	    1.2821e+10	    5.4945e+10	   -4.3956e+10	   -3.4188e+10	    0.0000e+00	    0.0000e+00	    0.0000e+00	    0.0000e+00	   -5.1282e+10	   -2.1978e+11	   -1.1444e-05	   -6.8665e-05	

    2.4420e+10	    1.0989e+10	    1.3095e+11	    8.4767e-06	    1.9231e+10	    1.2821e+10	   -6.6976e-06	   -2.3810e+10	   -9.7680e+10	   -4.3956e+10	   -7.6923e+10	   -5.1282e+10	    1.9073e-06	    8.5831e-06	    7.6294e-06	    0.0000e+00	    3.4332e-05	    9.5238e+10	

    1.2821e+10	    8.5470e+09	    8.4767e-06	    1.9048e+11	    1.0989e+10	    5.4945e+10	   -2.3810e+10	   -1.0162e-05	   -5.1282e+10	   -3.4188e+10	   -4.3956e+10	   -2.1978e+11	    7.6294e-06	    7.6294e-06	   -9.5367e-07	    9.5367e-07	    9.5238e+10	    1.1635e-04	

    0.0000e+00	    0.0000e+00	    1.9231e+10	    1.0989e+10	    1.3095e+11	    7.1429e+10	    2.4420e+10	    1.2821e+10	    0.0000e+00	    0.0000e+00	   -7.6923e+10	   -4.3956e+10	   -9.7680e+10	   -5.1282e+10	    0.0000e+00	    0.0000e+00	    7.6294e-06	    0.0000e+00	

    0.0000e+00	    0.0000e+00	    1.2821e+10	    5.4945e+10	    7.1429e+10	    1.9048e+11	    1.0989e+10	    8.5470e+09	    0.0000e+00	    0.0000e+00	   -5.1282e+10	   -2.1978e+11	   -4.3956e+10	   -3.4188e+10	    0.0000e+00	    0.0000e+00	    1.9073e-06	    2.2888e-05	

    1.9231e+10	    1.2821e+10	   -6.6976e-06	   -2.3810e+10	    2.4420e+10	    1.0989e+10	    1.3095e+11	   -6.9719e-06	   -3.8147e-06	   -2.3345e-06	   -7.6294e-06	    1.2796e-05	   -9.7680e+10	   -4.3956e+10	   -7.6923e+10	   -5.1282e+10	    4.1962e-05	    9.5238e+10	

    1.0989e+10	    5.4945e+10	   -2.3810e+10	   -1.0162e-05	    1.2821e+10	    8.5470e+09	   -6.9719e-06	    1.9048e+11	   -1.7366e-06	   -1.5259e-05	    1.2669e-05	    1.1444e-05	   -5.1282e+10	   -3.4188e+10	   -4.3956e+10	   -2.1978e+11	    9.5238e+10	    1.9073e-05	

   -9.7680e+10	   -4.3956e+10	   -9.7680e+10	   -5.1282e+10	    0.0000e+00	    0.0000e+00	   -7.6294e-06	   -1.7366e-06	    3.4921e+11	    9.5238e+10	    0.0000e+00	    0.0000e+00	    0.0000e+00	    0.0000e+00	   -1.5259e-05	    9.5238e+10	   -1.5385e+11	   -9.5238e+10	

   -5.1282e+10	   -3.4188e+10	   -4.3956e+10	   -3.4188e+10	    0.0000e+00	    0.0000e+00	   -1.3808e-06	   -1.5259e-05	    9.5238e+10	    5.0794e+11	    0.0000e+00	    0.0000e+00	    0.0000e+00	    0.0000e+00	    9.5238e+10	   -6.1035e-05	   -9.5238e+10	   -4.3956e+11	

    0.0000e+00	    0.0000e+00	   -7.6923e+10	   -4.3956e+10	   -7.6923e+10	   -5.1282e+10	   -1.5259e-05	    1.3623e-05	    0.0000e+00	    0.0000e+00	    3.4921e+11	    9.5238e+10	    6.1035e-05	    9.5238e+10	    0.0000e+00	    0.0000e+00	   -1.9536e+11	   -9.5238e+10	

    0.0000e+00	    0.0000e+00	   -5.1282e+10	   -2.1978e+11	   -4.3956e+10	   -2.1978e+11	    1.1843e-05	    1.3351e-05	    0.0000e+00	    0.0000e+00	    9.5238e+10	    5.0794e+11	    9.5238e+10	   -9.5367e-05	    0.0000e+00	    0.0000e+00	   -9.5238e+10	   -6.8376e+10	

    0.0000e+00	    0.0000e+00	    0.0000e+00	    7.6294e-06	   -9.7680e+10	   -4.3956e+10	   -9.7680e+10	   -5.1282e+10	    0.0000e+00	    0.0000e+00	    6.8665e-05	    9.5238e+10	    3.4921e+11	    9.5238e+10	    0.0000e+00	    0.0000e+00	   -1.5385e+11	   -9.5238e+10	

    0.0000e+00	    0.0000e+00	    6.6757e-06	    1.5259e-05	   -5.1282e+10	   -3.4188e+10	   -4.3956e+10	   -3.4188e+10	    0.0000e+00	    0.0000e+00	    9.5238e+10	   -9.5367e-05	    9.5238e+10	    5.0794e+11	    0.0000e+00	    0.0000e+00	   -9.5238e+10	   -4.3956e+11	

   -7.6923e+10	   -5.1282e+10	    7.6294e-06	    0.0000e+00	    0.0000e+00	    0.0000e+00	   -7.6923e+10	   -4.3956e+10	   -1.5259e-05	    9.5238e+10	    0.0000e+00	    0.0000e+00	    0.0000e+00	    0.0000e+00	    3.4921e+11	    9.5238e+10	   -1.9536e+11	   -9.5238e+10	

   -4.3956e+10	   -2.1978e+11	    0.0000e+00	   -9.5367e-07	    0.0000e+00	    0.0000e+00	   -5.1282e+10	   -2.1978e+11	    9.5238e+10	   -6.1035e-05	    0.0000e+00	    0.0000e+00	    0.0000e+00	    0.0000e+00	    9.5238e+10	    5.0794e+11	   -9.5238e+10	   -6.8376e+10	

   -1.9073e-05	   -1.5259e-05	    3.6240e-05	    9.5238e+10	    7.6294e-06	    5.7220e-06	    4.1962e-05	    9.5238e+10	   -1.5385e+11	   -9.5238e+10	   -1.9536e+11	   -9.5238e+10	   -1.5385e+11	   -9.5238e+10	   -1.9536e+11	   -9.5238e+10	    6.9841e+11	    1.9048e+11	

   -1.5259e-05	   -5.3406e-05	    9.5238e+10	    1.1063e-04	    0.0000e+00	    1.5259e-05	    9.5238e+10	    2.0981e-05	   -9.5238e+10	   -4.3956e+11	   -9.5238e+10	   -6.8376e+10	   -9.5238e+10	   -4.3956e+11	   -9.5238e+10	   -6.8376e+10	    1.9048e+11	    1.0159e+12	



Global load vector:
==================

    0.0000e+00

    0.0000e+00

    2.5058e+02

    9.1205e+01

    1.2529e+02

    4.5603e+01

    0.0000e+00

    0.0000e+00

    0.0000e+00

    0.0000e+00

    7.5175e+02

    2.7362e+02

    0.0000e+00

    0.0000e+00

    0.0000e+00

    0.0000e+00

    0.0000e+00

    0.0000e+00



Final displacements:
========================

    0.0000e+00

    0.0000e+00

    2.4642e-08

    3.7970e-08

   -7.7267e-09

    3.4556e-08

    0.0000e+00

    0.0000e+00

    1.3849e-08

    1.2778e-08

    8.1355e-09

    3.5599e-08

   -5.8756e-09

    1.1809e-08

    0.0000e+00

    0.0000e+00

    3.9257e-09

    1.1499e-08



Stresses at Gauss Points
=========================

Element No.: 1
xi -  3.333e-01, eta -  3.333e-01, stresses -  1.439e+04    1.831e+04    6.393e+03
xi -  3.333e-01, eta -  2.000e-01, stresses -  9.902e+03    1.331e+04    4.665e+03
xi -  3.333e-01, eta -  6.000e-01, stresses -  2.335e+04    2.830e+04    9.849e+03
xi -  3.333e-01, eta -  2.000e-01, stresses -  9.902e+03    1.331e+04    4.665e+03
xi -  6.000e-01, eta -  3.333e-01, stresses -  1.849e+04    2.022e+04    8.604e+03
xi -  6.000e-01, eta -  2.000e-01, stresses -  1.400e+04    1.523e+04    6.876e+03
xi -  6.000e-01, eta -  6.000e-01, stresses -  2.746e+04    3.022e+04    1.206e+04
xi -  6.000e-01, eta -  2.000e-01, stresses -  1.400e+04    1.523e+04    6.876e+03
xi -  2.000e-01, eta -  3.333e-01, stresses -  1.234e+04    1.735e+04    5.288e+03
xi -  2.000e-01, eta -  2.000e-01, stresses -  7.851e+03    1.236e+04    3.560e+03
xi -  2.000e-01, eta -  6.000e-01, stresses -  2.130e+04    2.735e+04    8.744e+03
xi -  2.000e-01, eta -  2.000e-01, stresses -  7.851e+03    1.236e+04    3.560e+03
xi -  2.000e-01, eta -  3.333e-01, stresses -  1.234e+04    1.735e+04    5.288e+03
xi -  2.000e-01, eta -  2.000e-01, stresses -  7.851e+03    1.236e+04    3.560e+03
xi -  2.000e-01, eta -  6.000e-01, stresses -  2.130e+04    2.735e+04    8.744e+03
xi -  2.000e-01, eta -  2.000e-01, stresses -  7.851e+03    1.236e+04    3.560e+03

Element No.: 2
xi -  3.333e-01, eta -  3.333e-01, stresses -  9.933e+02   -6.422e+01    1.008e+03
xi -  3.333e-01, eta -  2.000e-01, stresses -  3.260e+02    9.662e+01    8.822e+02
xi -  3.333e-01, eta -  6.000e-01, stresses -  2.328e+03   -3.859e+02    1.261e+03
xi -  3.333e-01, eta -  2.000e-01, stresses -  3.260e+02    9.662e+01    8.822e+02
xi -  6.000e-01, eta -  3.333e-01, stresses -  4.463e+03   -4.530e+02    1.314e+03
xi -  6.000e-01, eta -  2.000e-01, stresses -  3.795e+03   -2.921e+02    1.188e+03
xi -  6.000e-01, eta -  6.000e-01, stresses -  5.797e+03   -7.747e+02    1.566e+03
xi -  6.000e-01, eta -  2.000e-01, stresses -  3.795e+03   -2.921e+02    1.188e+03
xi -  2.000e-01, eta -  3.333e-01, stresses - -7.414e+02    1.302e+02    8.557e+02
xi -  2.000e-01, eta -  2.000e-01, stresses - -1.409e+03    2.910e+02    7.294e+02
xi -  2.000e-01, eta -  6.000e-01, stresses -  5.931e+02   -1.915e+02    1.108e+03
xi -  2.000e-01, eta -  2.000e-01, stresses - -1.409e+03    2.910e+02    7.294e+02
xi -  2.000e-01, eta -  3.333e-01, stresses - -7.414e+02    1.302e+02    8.557e+02
xi -  2.000e-01, eta -  2.000e-01, stresses - -1.409e+03    2.910e+02    7.294e+02
xi -  2.000e-01, eta -  6.000e-01, stresses -  5.931e+02   -1.915e+02    1.108e+03
xi -  2.000e-01, eta -  2.000e-01, stresses - -1.409e+03    2.910e+02    7.294e+02

