Elemental stiffness matrices and Elemental load vectors:
=======================================================

Element 1:
---------

Stiffness matrix:
    1.7537e+11	    7.1429e+10	   -1.4652e+11	   -3.8462e+10	   -2.8846e+10	   -3.2967e+10

    7.1429e+10	    1.3370e+11	   -3.2967e+10	   -5.1282e+10	   -3.8462e+10	   -8.2418e+10

   -1.4652e+11	   -3.2967e+10	    1.4652e+11	    0.0000e+00	    1.9520e-05	    3.2967e+10

   -3.8462e+10	   -5.1282e+10	    0.0000e+00	    5.1282e+10	    3.8462e+10	    6.8321e-06

   -2.8846e+10	   -3.8462e+10	    1.9520e-05	    3.8462e+10	    2.8846e+10	    9.5162e-06

   -3.2967e+10	   -8.2418e+10	    3.2967e+10	    6.8321e-06	    9.5162e-06	    8.2418e+10

Load vector:
    0.0000e+00

    0.0000e+00

    0.0000e+00

    0.0000e+00

    0.0000e+00

    0.0000e+00



Element 2:
---------

Stiffness matrix:
    2.8846e+10	    9.5162e-06	   -2.8846e+10	   -3.8462e+10	    1.9520e-05	    3.8462e+10

    9.5162e-06	    8.2418e+10	   -3.2967e+10	   -8.2418e+10	    3.2967e+10	    6.8321e-06

   -2.8846e+10	   -3.2967e+10	    1.7537e+11	    7.1429e+10	   -1.4652e+11	   -3.8462e+10

   -3.8462e+10	   -8.2418e+10	    7.1429e+10	    1.3370e+11	   -3.2967e+10	   -5.1282e+10

    1.9520e-05	    3.2967e+10	   -1.4652e+11	   -3.2967e+10	    1.4652e+11	    0.0000e+00

    3.8462e+10	    6.8321e-06	   -3.8462e+10	   -5.1282e+10	    0.0000e+00	    5.1282e+10

Load vector:
    0.0000e+00

    0.0000e+00

    0.0000e+00

    0.0000e+00

    0.0000e+00

    0.0000e+00



Element 3:
---------

Stiffness matrix:
    2.8846e+10	    0.0000e+00	    0.0000e+00	   -3.8462e+10	   -2.8846e+10	    3.8462e+10

    0.0000e+00	    8.2418e+10	   -3.2967e+10	    0.0000e+00	    3.2967e+10	   -8.2418e+10

    0.0000e+00	   -3.2967e+10	    1.4652e+11	    0.0000e+00	   -1.4652e+11	    3.2967e+10

   -3.8462e+10	    0.0000e+00	    0.0000e+00	    5.1282e+10	    3.8462e+10	   -5.1282e+10

   -2.8846e+10	    3.2967e+10	   -1.4652e+11	    3.8462e+10	    1.7537e+11	   -7.1429e+10

    3.8462e+10	   -8.2418e+10	    3.2967e+10	   -5.1282e+10	   -7.1429e+10	    1.3370e+11

Load vector:
    0.0000e+00

    0.0000e+00

    0.0000e+00

    0.0000e+00

    0.0000e+00

    0.0000e+00



Element 4:
---------

Stiffness matrix:
    1.4652e+11	    0.0000e+00	   -1.4652e+11	    3.2967e+10	    1.9520e-05	   -3.2967e+10

    0.0000e+00	    5.1282e+10	    3.8462e+10	   -5.1282e+10	   -3.8462e+10	    6.8321e-06

   -1.4652e+11	    3.8462e+10	    1.7537e+11	   -7.1429e+10	   -2.8846e+10	    3.2967e+10

    3.2967e+10	   -5.1282e+10	   -7.1429e+10	    1.3370e+11	    3.8462e+10	   -8.2418e+10

    1.9520e-05	   -3.8462e+10	   -2.8846e+10	    3.8462e+10	    2.8846e+10	   -9.5162e-06

   -3.2967e+10	    6.8321e-06	    3.2967e+10	   -8.2418e+10	   -9.5162e-06	    8.2418e+10

Load vector:
    0.0000e+00

    0.0000e+00

    6.2646e+02

    2.2801e+02

    5.0117e+02

    1.8241e+02



Global stiffness matrix:
=======================

    1.7537e+11	    7.1429e+10	   -1.4652e+11	   -3.8462e+10	    0.0000e+00	    0.0000e+00	    0.0000e+00	    0.0000e+00	    0.0000e+00	    0.0000e+00	   -2.8846e+10	   -3.2967e+10	

    7.1429e+10	    1.3370e+11	   -3.2967e+10	   -5.1282e+10	    0.0000e+00	    0.0000e+00	    0.0000e+00	    0.0000e+00	    0.0000e+00	    0.0000e+00	   -3.8462e+10	   -8.2418e+10	

   -1.4652e+11	   -3.2967e+10	    3.5073e+11	    9.5162e-06	   -1.4652e+11	    3.2967e+10	    1.9520e-05	   -7.1429e+10	   -5.7692e+10	   -7.6294e-06	    3.9041e-05	    7.1429e+10	

   -3.8462e+10	   -5.1282e+10	    9.5162e-06	    2.6740e+11	    3.8462e+10	   -5.1282e+10	   -7.1429e+10	    6.8321e-06	   -7.6294e-06	   -1.6484e+11	    7.1429e+10	    1.3664e-05	

    0.0000e+00	    0.0000e+00	   -1.4652e+11	    3.8462e+10	    1.7537e+11	   -7.1429e+10	   -2.8846e+10	    3.2967e+10	    0.0000e+00	    0.0000e+00	    0.0000e+00	    0.0000e+00	

    0.0000e+00	    0.0000e+00	    3.2967e+10	   -5.1282e+10	   -7.1429e+10	    1.3370e+11	    3.8462e+10	   -8.2418e+10	    0.0000e+00	    0.0000e+00	    0.0000e+00	    0.0000e+00	

    0.0000e+00	    0.0000e+00	    1.9520e-05	   -7.1429e+10	   -2.8846e+10	    3.8462e+10	    1.7537e+11	   -9.5162e-06	   -1.4652e+11	    3.2967e+10	    0.0000e+00	    0.0000e+00	

    0.0000e+00	    0.0000e+00	   -7.1429e+10	    6.8321e-06	    3.2967e+10	   -8.2418e+10	   -9.5162e-06	    1.3370e+11	    3.8462e+10	   -5.1282e+10	    0.0000e+00	    0.0000e+00	

    0.0000e+00	    0.0000e+00	   -5.7692e+10	   -7.6294e-06	    0.0000e+00	    0.0000e+00	   -1.4652e+11	    3.8462e+10	    3.5073e+11	    1.5259e-05	   -1.4652e+11	   -3.8462e+10	

    0.0000e+00	    0.0000e+00	   -7.6294e-06	   -1.6484e+11	    0.0000e+00	    0.0000e+00	    3.2967e+10	   -5.1282e+10	    1.5259e-05	    2.6740e+11	   -3.2967e+10	   -5.1282e+10	

   -2.8846e+10	   -3.8462e+10	    3.9041e-05	    7.1429e+10	    0.0000e+00	    0.0000e+00	    0.0000e+00	    0.0000e+00	   -1.4652e+11	   -3.2967e+10	    1.7537e+11	    9.5162e-06	

   -3.2967e+10	   -8.2418e+10	    7.1429e+10	    1.3664e-05	    0.0000e+00	    0.0000e+00	    0.0000e+00	    0.0000e+00	   -3.8462e+10	   -5.1282e+10	    9.5162e-06	    1.3370e+11	



Global load vector:
==================

    0.0000e+00

    0.0000e+00

    0.0000e+00

    0.0000e+00

    6.2646e+02

    2.2801e+02

    5.0117e+02

    1.8241e+02

    0.0000e+00

    0.0000e+00

    0.0000e+00

    0.0000e+00



Final displacements:
========================

    0.0000e+00

    0.0000e+00

    6.8428e-09

    6.2269e-09

    1.2765e-08

    1.7411e-08

    3.1987e-09

    1.4771e-08

    8.4207e-10

    6.2769e-09

    0.0000e+00

    0.0000e+00



Stresses at Gauss Points
=========================

Element No.: 1
xi -  3.333e-01, eta -  3.333e-01, stresses -  3.987e+03   -1.917e+03    2.807e+02

Element No.: 2
xi -  3.333e-01, eta -  3.333e-01, stresses - -5.431e+03   -4.768e+03   -1.491e+02

Element No.: 3
xi -  3.333e-01, eta -  3.333e-01, stresses - -4.070e+03   -5.468e+03    1.738e+03

Element No.: 4
xi -  3.333e-01, eta -  3.333e-01, stresses -  3.903e+03   -1.492e+02    1.028e+03

