Elemental stiffness matrices and Elemental load vectors:
=======================================================

Element 1:
---------

Stiffness matrix:
    3.4500e+01	    5.0000e+00	    4.1667e+00	   -2.2000e+01	   -1.7764e-15	   -1.6667e+01

    5.0000e+00	    2.2000e+01	   -1.4572e-16	   -2.2000e+01	    2.6645e-15	   -4.4409e-15

    4.1667e+00	   -1.4572e-16	    1.2500e+01	    0.0000e+00	    0.0000e+00	   -1.6667e+01

   -2.2000e+01	   -2.2000e+01	    0.0000e+00	    9.7333e+01	   -3.3333e+01	   -7.1054e-15

   -1.7764e-15	    2.6645e-15	    0.0000e+00	   -3.3333e+01	    8.1333e+01	   -4.8000e+01

   -1.6667e+01	   -4.4409e-15	   -1.6667e+01	   -7.1054e-15	   -4.8000e+01	    8.1333e+01

Load vector:
    1.2500e+02

    1.2500e+02

    0.0000e+00

    5.0000e+02

    0.0000e+00

    0.0000e+00



Element 2:
---------

Stiffness matrix:
    1.2500e+01	    4.1667e+00	   -2.4209e-15	   -1.6667e+01	    0.0000e+00	    9.7700e-15

    4.1667e+00	    3.4500e+01	    5.0000e+00	   -1.6667e+01	   -2.2000e+01	    9.7700e-15

   -2.4209e-15	    5.0000e+00	    2.2000e+01	   -5.3291e-15	   -2.2000e+01	    2.1316e-14

   -1.6667e+01	   -1.6667e+01	   -5.3291e-15	    8.1333e+01	    5.3291e-15	   -4.8000e+01

    0.0000e+00	   -2.2000e+01	   -2.2000e+01	    5.3291e-15	    9.7333e+01	   -3.3333e+01

    9.7700e-15	    9.7700e-15	    2.1316e-14	   -4.8000e+01	   -3.3333e+01	    8.1333e+01

Load vector:
    0.0000e+00

    1.2500e+02

    1.2500e+02

    0.0000e+00

    5.0000e+02

    0.0000e+00



Element 3:
---------

Stiffness matrix:
    1.5000e+01	   -6.1756e-16	    5.0000e+00	    0.0000e+00	   -1.0436e-14	   -2.0000e+01

   -6.1756e-16	    1.5000e+01	    5.0000e+00	    2.5757e-14	   -2.0000e+01	   -8.8818e-15

    5.0000e+00	    5.0000e+00	    3.0000e+01	   -1.4211e-14	   -2.0000e+01	   -2.0000e+01

    0.0000e+00	    2.5757e-14	   -1.4211e-14	    8.0000e+01	   -4.0000e+01	   -4.0000e+01

   -1.0436e-14	   -2.0000e+01	   -2.0000e+01	   -4.0000e+01	    8.0000e+01	    2.8422e-14

   -2.0000e+01	   -8.8818e-15	   -2.0000e+01	   -4.0000e+01	    2.8422e-14	    8.0000e+01

Load vector:
   -9.0949e-13

    1.0000e+04

    1.0000e+04

    1.5000e+04

    5.5000e+04

    1.5000e+04



Element 4:
---------

Stiffness matrix:
    1.7400e+01	    4.4000e+00	   -2.9745e-15	   -1.8800e+01	    3.1086e-15	   -1.2434e-14

    4.4000e+00	    3.2400e+01	    5.0000e+00	   -1.8800e+01	   -2.0000e+01	   -1.3323e-14

   -2.9745e-15	    5.0000e+00	    1.5000e+01	   -5.3291e-15	   -2.0000e+01	    3.5527e-14

   -1.8800e+01	   -1.8800e+01	   -5.3291e-15	    8.9600e+01	    3.0198e-14	   -4.0000e+01

    3.1086e-15	   -2.0000e+01	   -2.0000e+01	    3.0198e-14	    8.0000e+01	   -4.0000e+01

   -1.2434e-14	   -1.3323e-14	    3.5527e-14	   -4.0000e+01	   -4.0000e+01	    8.0000e+01

Load vector:
    7.5000e+01

    1.0075e+04

    1.0000e+04

    1.5300e+04

    5.5000e+04

    1.5000e+04



Global stiffness matrix:
=======================

    3.4500e+01	    5.0000e+00	    0.0000e+00	    0.0000e+00	    0.0000e+00	    0.0000e+00	    4.1667e+00	   -2.2000e+01	    0.0000e+00	    0.0000e+00	    0.0000e+00	    0.0000e+00	   -1.6667e+01	   -1.7764e-15	    0.0000e+00	    0.0000e+00

    5.0000e+00	    6.6900e+01	    4.4000e+00	   -3.5920e-15	   -1.1667e+01	    4.1667e+00	   -2.5666e-15	   -2.2000e+01	   -1.8800e+01	    3.1086e-15	   -1.0436e-14	    0.0000e+00	   -4.4409e-15	    1.2434e-14	   -2.0000e+01	   -1.2434e-14

    0.0000e+00	    4.4000e+00	    3.2400e+01	    5.0000e+00	    0.0000e+00	    0.0000e+00	    0.0000e+00	    0.0000e+00	   -1.8800e+01	   -2.0000e+01	    0.0000e+00	    0.0000e+00	    0.0000e+00	    0.0000e+00	    0.0000e+00	   -1.3323e-14

    0.0000e+00	   -3.5920e-15	    5.0000e+00	    3.0000e+01	    5.0000e+00	    0.0000e+00	    0.0000e+00	    0.0000e+00	   -5.3291e-15	   -2.0000e+01	   -2.0000e+01	    0.0000e+00	    0.0000e+00	    0.0000e+00	   -8.8818e-15	    6.1284e-14

    0.0000e+00	   -1.1667e+01	    0.0000e+00	    5.0000e+00	    1.1133e+02	   -1.6667e+01	   -5.3291e-15	    0.0000e+00	    0.0000e+00	    0.0000e+00	   -2.0000e+01	    5.3291e-15	    0.0000e+00	   -4.8000e+01	   -2.0000e+01	   -1.4211e-14

    0.0000e+00	    4.1667e+00	    0.0000e+00	    0.0000e+00	   -1.6667e+01	    3.4500e+01	    5.0000e+00	    0.0000e+00	    0.0000e+00	    0.0000e+00	    0.0000e+00	   -2.2000e+01	    0.0000e+00	    9.7700e-15	    0.0000e+00	    0.0000e+00

    4.1667e+00	   -2.5666e-15	    0.0000e+00	    0.0000e+00	   -5.3291e-15	    5.0000e+00	    3.4500e+01	    0.0000e+00	    0.0000e+00	    0.0000e+00	    0.0000e+00	   -2.2000e+01	   -1.6667e+01	    2.1316e-14	    0.0000e+00	    0.0000e+00

   -2.2000e+01	   -2.2000e+01	    0.0000e+00	    0.0000e+00	    0.0000e+00	    0.0000e+00	    0.0000e+00	    9.7333e+01	    0.0000e+00	    0.0000e+00	    0.0000e+00	    0.0000e+00	   -7.1054e-15	   -3.3333e+01	    0.0000e+00	    0.0000e+00

    0.0000e+00	   -1.8800e+01	   -1.8800e+01	   -5.3291e-15	    0.0000e+00	    0.0000e+00	    0.0000e+00	    0.0000e+00	    8.9600e+01	    3.0198e-14	    0.0000e+00	    0.0000e+00	    0.0000e+00	    0.0000e+00	    0.0000e+00	   -4.0000e+01

    0.0000e+00	    3.1086e-15	   -2.0000e+01	   -2.0000e+01	    0.0000e+00	    0.0000e+00	    0.0000e+00	    0.0000e+00	    3.0198e-14	    8.0000e+01	    0.0000e+00	    0.0000e+00	    0.0000e+00	    0.0000e+00	    0.0000e+00	   -4.0000e+01

    0.0000e+00	   -1.0436e-14	    0.0000e+00	   -2.0000e+01	   -2.0000e+01	    0.0000e+00	    0.0000e+00	    0.0000e+00	    0.0000e+00	    0.0000e+00	    8.0000e+01	    0.0000e+00	    0.0000e+00	    0.0000e+00	    2.8422e-14	   -4.0000e+01

    0.0000e+00	    0.0000e+00	    0.0000e+00	    0.0000e+00	    5.3291e-15	   -2.2000e+01	   -2.2000e+01	    0.0000e+00	    0.0000e+00	    0.0000e+00	    0.0000e+00	    9.7333e+01	    0.0000e+00	   -3.3333e+01	    0.0000e+00	    0.0000e+00

   -1.6667e+01	   -4.4409e-15	    0.0000e+00	    0.0000e+00	    0.0000e+00	    0.0000e+00	   -1.6667e+01	   -7.1054e-15	    0.0000e+00	    0.0000e+00	    0.0000e+00	    0.0000e+00	    8.1333e+01	   -4.8000e+01	    0.0000e+00	    0.0000e+00

   -1.7764e-15	    1.2434e-14	    0.0000e+00	    0.0000e+00	   -4.8000e+01	    9.7700e-15	    2.1316e-14	   -3.3333e+01	    0.0000e+00	    0.0000e+00	    0.0000e+00	   -3.3333e+01	   -4.8000e+01	    1.6267e+02	    0.0000e+00	    0.0000e+00

    0.0000e+00	   -2.0000e+01	    0.0000e+00	   -8.8818e-15	   -2.0000e+01	    0.0000e+00	    0.0000e+00	    0.0000e+00	    0.0000e+00	    0.0000e+00	    2.8422e-14	    0.0000e+00	    0.0000e+00	    0.0000e+00	    8.0000e+01	   -4.0000e+01

    0.0000e+00	   -1.2434e-14	   -1.3323e-14	    6.1284e-14	   -1.4211e-14	    0.0000e+00	    0.0000e+00	    0.0000e+00	   -4.0000e+01	   -4.0000e+01	   -4.0000e+01	    0.0000e+00	    0.0000e+00	    0.0000e+00	   -4.0000e+01	    1.6000e+02



Global load vector:
==================

    1.2500e+02

    2.0000e+02

    1.0075e+04

    2.0000e+04

    1.0000e+04

    1.2500e+02

    1.2500e+02

    5.0000e+02

    1.5300e+04

    5.5000e+04

    5.5000e+04

    5.0000e+02

    0.0000e+00

    0.0000e+00

    1.5000e+04

    3.0000e+04



Final nodal temperatures:
========================

    2.0000e+02

    3.0606e+03

    5.6763e+03

    8.2195e+03

    2.7835e+03

    1.4769e+03

    2.0000e+02

    1.1848e+03

    4.6131e+03

    7.0837e+03

    6.3605e+03

    8.2684e+02

    2.0000e+02

    1.2926e+03

    4.5708e+03

    5.8445e+03

